0
0
0
0
0
0
0
0
0
0
0
0
0
0
0
0
0
0
0
0
0
0
0
0
0
0
0
0
0
0
0
0
-3435
1944
1324
-474
-308
-672
152
701
-18
-168
-214
-211
126
283
499
-192
0
0
0
0
0
0
0
0
0
0
0
0
0
0
0
0
-5118
3857
-2264
816
163
-581
544
-262
-58
277
-342
280
-159
63
-51
147
0
0
0
0
0
0
0
0
0
0
0
0
0
0
0
0
-4750
866
2449
415
187
-452
-579
-68
-61
130
95
198
218
-405
-373
223
0
0
0
0
0
0
0
0
0
0
0
0
0
0
0
0
-3851
-2998
-1653
-376
432
687
568
333
158
86
78
91
99
75
-45
-343
0
0
0
0
0
0
0
0
0
0
0
0
0
0
0
0
-1836
-3793
407
893
-12
863
256
-243
117
-372
-414
39
-94
94
122
-319
0
0
0
0
0
0
0
0
0
0
0
0
0
0
0
0
617
-714
462
-31
-364
559
-513
293
-22
-192
293
-277
165
24
-271
528
0
0
0
0
0
0
0
0
0
0
0
0
0
0
0
0
3385
1978
-1300
-636
-981
-440
1052
279
35
203
-368
-220
-109
106
352
-341
0
0
0
0
0
0
0
0
0
0
0
0
0
0
0
0
4083
3302
1909
450
-602
-1028
-888
-438
24
286
282
85
-163
-328
-341
-219
0
0
0
0
0
0
0
0
0
0
0
0
0
0
0
0
3771
1870
-1978
-498
-370
-408
711
136
133
253
-385
-72
34
-149
18
-61
0
0
0
0
0
0
0
0
0
0
0
0
0
0
0
0
1753
-1734
1383
-907
478
-193
75
-92
188
-300
369
-354
240
-44
-192
413
0
0
0
0
0
0
0
0
0
0
0
0
0
0
0
0
-871
-3247
-104
816
500
563
-180
-182
-220
-344
258
183
20
8
-282
222
0
0
0
0
0
0
0
0
0
0
0
0
0
0
0
0
-2729
-2263
-1398
-462
235
524
427
116
-193
-336
-264
-47
188
315
274
86
0
0
0
0
0
0
0
0
0
0
0
0
0
0
0
0
-4027
1324
2241
-730
571
-2
-849
227
-385
-106
445
-44
318
127
-122
45
0
0
0
0
0
0
0
0
0
0
0
0
0
0
0
0
-4228
3661
-2232
558
730
-1259
1045
-417
-189
458
-325
-42
367
-429
160
342
0
0
0
0
0
0
0
0
0
0
0
0
0
0
0
0
-2819
2112
1328
-542
582
-807
-838
428
138
327
64
-140
121
-261
-108
93
0
0
0
0
0
0
0
0
0
0
0
0
0
0
0
0
-636
-508
-300
-64
140
264
298
262
194
125
64
6
-52
-100
-108
-52
0
0
0
0
0
0
0
0
0
0
0
0
0
0
0
0
1558
-3014
-779
1400
-327
264
443
-508
77
-138
-216
402
-97
-68
330
-224
0
0
0
0
0
0
0
0
0
0
0
0
0
0
0
0
3296
-2670
1652
-572
-241
592
-490
114
285
-507
470
-226
-95
360
-479
435
0
0
0
0
0
0
0
0
0
0
0
0
0
0
0
0
3979
197
-2271
-328
-270
-46
918
399
7
-316
-494
-67
30
342
530
-335
0
0
0
0
0
0
0
0
0
0
0
0
0
0
0
0
3251
2992
2138
1008
-10
-623
-744
-497
-123
149
207
85
-88
-167
-72
175
0
0
0
0
0
0
0
0
0
0
0
0
0
0
0
0
1590
3058
-1563
-272
479
-1355
308
397
-293
850
-108
-364
333
-718
-75
578
0
0
0
0
0
0
0
0
0
0
0
0
0
0
0
0
-1007
344
293
-669
689
-419
39
257
-352
252
-67
-59
33
139
-344
434
0
0
0
0
0
0
0
0
0
0
0
0
0
0
0
0
-2957
-2494
1556
554
140
763
-236
-272
-394
-345
406
43
7
144
-275
473
0
0
0
0
0
0
0
0
0
0
0
0
0
0
0
0
-4143
-3627
-2525
-1197
-43
642
772
479
24
-328
-422
-259
34
287
375
263
0
0
0
0
0
0
0
0
0
0
0
0
0
0
0
0
-3981
-566
2335
-91
-191
524
-308
-211
-213
-201
188
43
266
463
-61
-704
0
0
0
0
0
0
0
0
0
0
0
0
0
0
0
0
-3061
2518
-1559
502
339
-774
791
-525
173
103
-232
234
-174
116
-87
78
0
0
0
0
0
0
0
0
0
0
0
0
0
0
0
0
-561
3282
560
-744
-287
-1009
38
552
103
510
-96
-515
-33
-240
130
844
0
0
0
0
0
0
0
0
0
0
0
0
0
0
0
0
1846
1237
424
-348
-850
-957
-701
-245
187
408
344
52
-321
-607
-692
-547
0
0
0
0
0
0
0
0
0
0
0
0
0
0
0
0
3002
-2015
-1348
832
-747
223
868
-221
269
-209
-550
348
-203
-223
695
187
0
0
0
0
0
0
0
0
0
0
0
0
0
0
0
0
3241
-2873
1963
-840
-106
605
-602
257
167
-441
459
-260
-37
305
-472
526
0
0
0
0
0
0
0
0
0
0
0
0
0
0
0
0
2364
-1633
-1619
1005
200
-117
341
-78
9
-194
-262
226
47
65
268
-327
0
0
0
0
0
0
0
0
0
0
0
0
0
0
0
0
0
0
0
0
0
0
0
0
0
0
0
0
0
0
0
0
0
0
0
0
0
0
0
0
0
0
0
0
0
0
0
0
