0
0
0
0
0
0
0
0
0
0
0
0
0
0
0
0
1944
1324
-474
-308
-672
152
701
-18
-168
-214
-211
126
283
499
-192
0
-2264
816
163
-581
544
-262
-58
277
-342
280
-159
63
-51
147
0
0
415
187
-452
-579
-68
-61
130
95
198
218
-405
-373
223
0
0
0
432
687
568
333
158
86
78
91
99
75
-45
-343
0
0
0
0
863
256
-243
117
-372
-414
39
-94
94
122
-319
0
0
0
0
0
-513
293
-22
-192
293
-277
165
24
-271
528
0
0
0
0
0
0
279
35
203
-368
-220
-109
106
352
-341
0
0
0
0
0
0
0
24
286
282
85
-163
-328
-341
-219
0
0
0
0
0
0
0
0
253
-385
-72
34
-149
18
-61
0
0
0
0
0
0
0
0
0
369
-354
240
-44
-192
413
0
0
0
0
0
0
0
0
0
0
183
20
8
-282
222
0
0
0
0
0
0
0
0
0
0
0
188
315
274
86
0
0
0
0
0
0
0
0
0
0
0
0
127
-122
45
0
0
0
0
0
0
0
0
0
0
0
0
0
160
342
0
0
0
0
0
0
0
0
0
0
0
0
0
0
93
0
0
0
0
0
0
0
0
0
0
0
0
0
0
0
0
0
0
0
0
0
0
0
0
0
0
0
0
0
0
0
0
0
0
0
0
0
0
0
0
0
0
0
0
0
0
3296
0
0
0
0
0
0
0
0
0
0
0
0
0
0
3979
197
0
0
0
0
0
0
0
0
0
0
0
0
0
3251
2992
2138
0
0
0
0
0
0
0
0
0
0
0
0
1590
3058
-1563
-272
0
0
0
0
0
0
0
0
0
0
0
-1007
344
293
-669
689
0
0
0
0
0
0
0
0
0
0
-2957
-2494
1556
554
140
763
0
0
0
0
0
0
0
0
0
-4143
-3627
-2525
-1197
-43
642
772
0
0
0
0
0
0
0
0
-3981
-566
2335
-91
-191
524
-308
-211
0
0
0
0
0
0
0
-3061
2518
-1559
502
339
-774
791
-525
173
0
0
0
0
0
0
-561
3282
560
-744
-287
-1009
38
552
103
510
0
0
0
0
0
1846
1237
424
-348
-850
-957
-701
-245
187
408
344
0
0
0
0
3002
-2015
-1348
832
-747
223
868
-221
269
-209
-550
348
0
0
0
3241
-2873
1963
-840
-106
605
-602
257
167
-441
459
-260
-37
0
0
2364
-1633
-1619
1005
200
-117
341
-78
9
-194
-262
226
47
65
0
0
0
0
0
0
0
0
0
0
0
0
0
0
0
0
181
186
173
147
118
97
87
86
87
85
79
72
65
58
47
33
