181
186
173
147
118
97
87
86
87
85
79
72
65
58
47
33
2297
-1276
-658
-228
183
812
-112
-449
-109
-63
234
277
124
-250
-964
0
780
-451
157
18
-57
-10
128
-245
324
-343
290
-155
-68
367
0
0
914
581
653
-179
-246
-178
-175
-23
-73
336
302
-383
-514
0
0
0
604
1078
843
215
-352
-538
-300
165
561
636
260
-548
0
0
0
0
163
-728
-150
-205
-366
257
215
93
267
-99
318
0
0
0
0
0
686
-329
-120
453
-563
448
-181
-119
320
-304
0
0
0
0
0
0
507
2
351
269
-164
-137
-306
175
251
0
0
0
0
0
0
0
186
92
-1
-61
-70
-30
39
107
0
0
0
0
0
0
0
0
-381
-220
221
-84
59
85
112
0
0
0
0
0
0
0
0
0
677
-365
-47
394
-579
585
0
0
0
0
0
0
0
0
0
0
142
41
181
-61
-270
0
0
0
0
0
0
0
0
0
0
0
-205
-238
-29
381
0
0
0
0
0
0
0
0
0
0
0
0
-384
-90
-327
0
0
0
0
0
0
0
0
0
0
0
0
0
98
243
0
0
0
0
0
0
0
0
0
0
0
0
0
0
-66
0
0
0
0
0
0
0
0
0
0
0
0
0
0
0
0
0
0
0
0
0
0
0
0
0
0
0
0
0
0
0
0
0
0
0
0
0
0
0
0
0
0
0
0
0
0
-2239
0
0
0
0
0
0
0
0
0
0
0
0
0
0
75
3432
0
0
0
0
0
0
0
0
0
0
0
0
0
2038
1575
877
0
0
0
0
0
0
0
0
0
0
0
0
3778
-1782
-1747
1063
0
0
0
0
0
0
0
0
0
0
0
3526
-3111
1956
-523
-641
0
0
0
0
0
0
0
0
0
0
2798
-2481
-1636
565
-341
388
0
0
0
0
0
0
0
0
0
1492
1215
821
435
146
-12
-63
0
0
0
0
0
0
0
0
-631
3412
283
-1137
399
-288
-439
57
0
0
0
0
0
0
0
-2404
2134
-1418
525
219
-582
530
-217
-110
0
0
0
0
0
0
-3858
-617
2117
434
402
-151
-1005
-48
-49
120
0
0
0
0
0
-3363
-3119
-2293
-1189
-179
451
609
396
24
-297
-446
0
0
0
0
-2075
-2423
1528
154
-186
1090
-337
-306
-2
-589
329
226
0
0
0
-140
-24
108
-83
-22
132
-179
140
-49
-23
19
72
-211
0
0
1544
2183
-1429
-876
513
-225
81
216
51
195
-264
-197
100
-127
0
2231
2293
1888
1186
453
-65
-245
-119
161
414
513
433
244
53
-47
-28
35
-52
76
-113
160
-224
303
-407
540
-718
964
-1335
1972
-3408
10407
